0.688
0.032
0.002
0.006
0.546
0.061
1.668
1.370
0.675
0.220
0.383
0.924
0.175
0.325
0.824
0.495
0.658
0.169
0.834
0.471
0.391
0.269
1.330
0.021
1.077
1.164
0.782
0.283
0.046
1.537
0.016
0.344
0.738
0.314
0.032
0.310
0.231
1.953
1.563
0.195
0.327
1.875
0.513
0.115
2.075
0.110
0.136
1.189
1.754
0.047
0.298
0.816
0.799
1.251
0.312
0.399
0.167
0.094
1.251
1.090
0.509
0.154
2.289
0.011
1.234
0.002
0.126
0.403
0.048
0.676
0.336
0.554
0.451
3.868
0.278
0.275
0.316
1.761
0.074
0.256
0.213
0.641
1.033
0.266
0.679
0.057
0.539
0.845
0.260
0.320
0.767
1.737
0.544
1.782
0.410
0.390
0.038
0.686
0.340
0.874

