Movie1SoldOutTime

70.8562
47.0
48.0
64.1369
61.0
52.2237
55.0
102.67
81.0
84.2656
50.5464
64.3597
44.0
63.0
60.4305
58.8135
72.0
58.7604
53.5472
55.5234
70.0
67.5496
81.7659
50.9332
114.0
56.0
50.0
68.286
65.7546
56.0



-------------------------------

Movie2SoldOutTime

46.8562
57.0
78.598
55.0
73.2236
84.3965
61.0
53.1832
64.0
55.9716
63.0251
84.4292
67.8417
77.7146
77.4305
73.8429
108.63
68.8589
45.0526
101.52
84.5146
49.196
69.7659
62.9332
58.0
82.3615
68.8747
69.286
73.8741
61.0


--------------------------------

Movie3SoldOutTime

94.2845
85.0
72.8345
57.1369
116.22
53.2237
56.0
52.1832
57.0
57.9716
71.3227
62.0473
70.3676
73.0
50.0
63.8429
57.0
78.8589
74.5472
48.5234
85.5146
64.196
58.7659
83.4703
67.0
75.0
77.3626
56.286
51.3072
63.0



---------------

Record Reneging Movie1 Customers

17.0
18.0
22.0
5.0
19.0
32.0
29.0
26.0
8.0
15.0
34.0
0.0
22.0
27.0
6.0
49.0
16.0
26.0
0.0
7.0
47.0
1.0
9.0
17.0
15.0
16.0
31.0
6.0
5.0
25.0


---------------------

Record Reneging Movie2 Customers

17.0
7.0
0.0
22.0
0.0
13.0
2.0
2.0
6.0
23.0
14.0
16.0
16.0
0.0
17.0
2.0
15.0
2.0
29.0
25.0
14.0
26.0
7.0
11.0
27.0
0.0
1.0
3.0
7.0
0.0



------------------

Record Reneging Movie3 Customers

10.0
23.0
16.0
3.0
39.0
2.0
9.0
28.0
44.0
3.0
5.0
34.0
3.0
7.0
36.0
0.0
51.0
4.0
22.0
28.0
0.0
18.0
28.0
15.0
5.0
7.0
1.0
34.0
38.0
1.0